{
 "cells": [
  {
   "cell_type": "code",
   "execution_count": 16,
   "id": "d50b5087",
   "metadata": {},
   "outputs": [],
   "source": [
    "import pandas as pd\n",
    "import numpy as np"
   ]
  },
  {
   "cell_type": "code",
   "execution_count": 17,
   "id": "725f3515",
   "metadata": {},
   "outputs": [],
   "source": [
    "df=pd.read_csv(\"All cars vs ULEV.csv\")"
   ]
  },
  {
   "cell_type": "code",
   "execution_count": 18,
   "id": "9d75ecc0",
   "metadata": {},
   "outputs": [
    {
     "data": {
      "text/html": [
       "<div>\n",
       "<style scoped>\n",
       "    .dataframe tbody tr th:only-of-type {\n",
       "        vertical-align: middle;\n",
       "    }\n",
       "\n",
       "    .dataframe tbody tr th {\n",
       "        vertical-align: top;\n",
       "    }\n",
       "\n",
       "    .dataframe thead th {\n",
       "        text-align: right;\n",
       "    }\n",
       "</style>\n",
       "<table border=\"1\" class=\"dataframe\">\n",
       "  <thead>\n",
       "    <tr style=\"text-align: right;\">\n",
       "      <th></th>\n",
       "      <th>Type</th>\n",
       "      <th>All Cars</th>\n",
       "      <th>ULEV</th>\n",
       "    </tr>\n",
       "  </thead>\n",
       "  <tbody>\n",
       "    <tr>\n",
       "      <th>0</th>\n",
       "      <td>31-10-2011</td>\n",
       "      <td>268565.0</td>\n",
       "      <td>19.0</td>\n",
       "    </tr>\n",
       "    <tr>\n",
       "      <th>1</th>\n",
       "      <td>31-01-2012</td>\n",
       "      <td>268096.0</td>\n",
       "      <td>22.0</td>\n",
       "    </tr>\n",
       "    <tr>\n",
       "      <th>2</th>\n",
       "      <td>30-04-2012</td>\n",
       "      <td>260453.0</td>\n",
       "      <td>26.0</td>\n",
       "    </tr>\n",
       "    <tr>\n",
       "      <th>3</th>\n",
       "      <td>31-07-2012</td>\n",
       "      <td>258337.0</td>\n",
       "      <td>45.0</td>\n",
       "    </tr>\n",
       "    <tr>\n",
       "      <th>4</th>\n",
       "      <td>31-10-2012</td>\n",
       "      <td>280641.0</td>\n",
       "      <td>58.0</td>\n",
       "    </tr>\n",
       "    <tr>\n",
       "      <th>5</th>\n",
       "      <td>31-01-2013</td>\n",
       "      <td>280262.0</td>\n",
       "      <td>67.0</td>\n",
       "    </tr>\n",
       "    <tr>\n",
       "      <th>6</th>\n",
       "      <td>30-04-2013</td>\n",
       "      <td>277600.0</td>\n",
       "      <td>83.0</td>\n",
       "    </tr>\n",
       "    <tr>\n",
       "      <th>7</th>\n",
       "      <td>31-07-2013</td>\n",
       "      <td>273107.0</td>\n",
       "      <td>99.0</td>\n",
       "    </tr>\n",
       "    <tr>\n",
       "      <th>8</th>\n",
       "      <td>31-10-2013</td>\n",
       "      <td>294175.0</td>\n",
       "      <td>108.0</td>\n",
       "    </tr>\n",
       "    <tr>\n",
       "      <th>9</th>\n",
       "      <td>31-01-2014</td>\n",
       "      <td>292606.0</td>\n",
       "      <td>146.0</td>\n",
       "    </tr>\n",
       "    <tr>\n",
       "      <th>10</th>\n",
       "      <td>30-04-2014</td>\n",
       "      <td>289103.0</td>\n",
       "      <td>164.0</td>\n",
       "    </tr>\n",
       "    <tr>\n",
       "      <th>11</th>\n",
       "      <td>31-07-2014</td>\n",
       "      <td>284973.0</td>\n",
       "      <td>192.0</td>\n",
       "    </tr>\n",
       "    <tr>\n",
       "      <th>12</th>\n",
       "      <td>31-10-2014</td>\n",
       "      <td>306439.0</td>\n",
       "      <td>255.0</td>\n",
       "    </tr>\n",
       "    <tr>\n",
       "      <th>13</th>\n",
       "      <td>31-01-2015</td>\n",
       "      <td>306444.0</td>\n",
       "      <td>315.0</td>\n",
       "    </tr>\n",
       "    <tr>\n",
       "      <th>14</th>\n",
       "      <td>30-04-2015</td>\n",
       "      <td>303571.0</td>\n",
       "      <td>344.0</td>\n",
       "    </tr>\n",
       "    <tr>\n",
       "      <th>15</th>\n",
       "      <td>31-07-2015</td>\n",
       "      <td>300204.0</td>\n",
       "      <td>405.0</td>\n",
       "    </tr>\n",
       "    <tr>\n",
       "      <th>16</th>\n",
       "      <td>31-10-2015</td>\n",
       "      <td>316746.0</td>\n",
       "      <td>446.0</td>\n",
       "    </tr>\n",
       "    <tr>\n",
       "      <th>17</th>\n",
       "      <td>31-01-2016</td>\n",
       "      <td>313999.0</td>\n",
       "      <td>559.0</td>\n",
       "    </tr>\n",
       "    <tr>\n",
       "      <th>18</th>\n",
       "      <td>30-04-2016</td>\n",
       "      <td>312302.0</td>\n",
       "      <td>659.0</td>\n",
       "    </tr>\n",
       "    <tr>\n",
       "      <th>19</th>\n",
       "      <td>31-07-2016</td>\n",
       "      <td>312706.0</td>\n",
       "      <td>771.0</td>\n",
       "    </tr>\n",
       "    <tr>\n",
       "      <th>20</th>\n",
       "      <td>31-10-2016</td>\n",
       "      <td>320241.0</td>\n",
       "      <td>884.0</td>\n",
       "    </tr>\n",
       "    <tr>\n",
       "      <th>21</th>\n",
       "      <td>31-01-2017</td>\n",
       "      <td>321527.0</td>\n",
       "      <td>1031.0</td>\n",
       "    </tr>\n",
       "    <tr>\n",
       "      <th>22</th>\n",
       "      <td>30-04-2017</td>\n",
       "      <td>321381.0</td>\n",
       "      <td>1148.0</td>\n",
       "    </tr>\n",
       "    <tr>\n",
       "      <th>23</th>\n",
       "      <td>31-07-2017</td>\n",
       "      <td>322630.0</td>\n",
       "      <td>1382.0</td>\n",
       "    </tr>\n",
       "    <tr>\n",
       "      <th>24</th>\n",
       "      <td>31-10-2017</td>\n",
       "      <td>325910.0</td>\n",
       "      <td>1601.0</td>\n",
       "    </tr>\n",
       "    <tr>\n",
       "      <th>25</th>\n",
       "      <td>31-01-2018</td>\n",
       "      <td>325093.0</td>\n",
       "      <td>1948.0</td>\n",
       "    </tr>\n",
       "    <tr>\n",
       "      <th>26</th>\n",
       "      <td>30-04-2018</td>\n",
       "      <td>321966.0</td>\n",
       "      <td>2440.0</td>\n",
       "    </tr>\n",
       "    <tr>\n",
       "      <th>27</th>\n",
       "      <td>31-07-2018</td>\n",
       "      <td>322066.0</td>\n",
       "      <td>2655.0</td>\n",
       "    </tr>\n",
       "    <tr>\n",
       "      <th>28</th>\n",
       "      <td>31-10-2018</td>\n",
       "      <td>335322.0</td>\n",
       "      <td>2816.0</td>\n",
       "    </tr>\n",
       "    <tr>\n",
       "      <th>29</th>\n",
       "      <td>31-01-2019</td>\n",
       "      <td>334728.0</td>\n",
       "      <td>2951.0</td>\n",
       "    </tr>\n",
       "    <tr>\n",
       "      <th>30</th>\n",
       "      <td>30-04-2019</td>\n",
       "      <td>331858.0</td>\n",
       "      <td>3136.0</td>\n",
       "    </tr>\n",
       "    <tr>\n",
       "      <th>31</th>\n",
       "      <td>31-07-2019</td>\n",
       "      <td>329621.0</td>\n",
       "      <td>3374.0</td>\n",
       "    </tr>\n",
       "    <tr>\n",
       "      <th>32</th>\n",
       "      <td>31-10-2019</td>\n",
       "      <td>328891.0</td>\n",
       "      <td>3735.0</td>\n",
       "    </tr>\n",
       "    <tr>\n",
       "      <th>33</th>\n",
       "      <td>31-01-2020</td>\n",
       "      <td>337029.0</td>\n",
       "      <td>4351.0</td>\n",
       "    </tr>\n",
       "    <tr>\n",
       "      <th>34</th>\n",
       "      <td>30-04-2020</td>\n",
       "      <td>330305.0</td>\n",
       "      <td>4611.0</td>\n",
       "    </tr>\n",
       "    <tr>\n",
       "      <th>35</th>\n",
       "      <td>31-07-2020</td>\n",
       "      <td>330531.0</td>\n",
       "      <td>5922.0</td>\n",
       "    </tr>\n",
       "    <tr>\n",
       "      <th>36</th>\n",
       "      <td>31-10-2020</td>\n",
       "      <td>328891.0</td>\n",
       "      <td>8650.0</td>\n",
       "    </tr>\n",
       "    <tr>\n",
       "      <th>37</th>\n",
       "      <td>31-01-2021</td>\n",
       "      <td>328239.0</td>\n",
       "      <td>12292.0</td>\n",
       "    </tr>\n",
       "    <tr>\n",
       "      <th>38</th>\n",
       "      <td>30-04-2021</td>\n",
       "      <td>329019.0</td>\n",
       "      <td>15689.0</td>\n",
       "    </tr>\n",
       "    <tr>\n",
       "      <th>39</th>\n",
       "      <td>31-07-2021</td>\n",
       "      <td>327192.0</td>\n",
       "      <td>18835.0</td>\n",
       "    </tr>\n",
       "  </tbody>\n",
       "</table>\n",
       "</div>"
      ],
      "text/plain": [
       "          Type  All Cars     ULEV\n",
       "0   31-10-2011  268565.0     19.0\n",
       "1   31-01-2012  268096.0     22.0\n",
       "2   30-04-2012  260453.0     26.0\n",
       "3   31-07-2012  258337.0     45.0\n",
       "4   31-10-2012  280641.0     58.0\n",
       "5   31-01-2013  280262.0     67.0\n",
       "6   30-04-2013  277600.0     83.0\n",
       "7   31-07-2013  273107.0     99.0\n",
       "8   31-10-2013  294175.0    108.0\n",
       "9   31-01-2014  292606.0    146.0\n",
       "10  30-04-2014  289103.0    164.0\n",
       "11  31-07-2014  284973.0    192.0\n",
       "12  31-10-2014  306439.0    255.0\n",
       "13  31-01-2015  306444.0    315.0\n",
       "14  30-04-2015  303571.0    344.0\n",
       "15  31-07-2015  300204.0    405.0\n",
       "16  31-10-2015  316746.0    446.0\n",
       "17  31-01-2016  313999.0    559.0\n",
       "18  30-04-2016  312302.0    659.0\n",
       "19  31-07-2016  312706.0    771.0\n",
       "20  31-10-2016  320241.0    884.0\n",
       "21  31-01-2017  321527.0   1031.0\n",
       "22  30-04-2017  321381.0   1148.0\n",
       "23  31-07-2017  322630.0   1382.0\n",
       "24  31-10-2017  325910.0   1601.0\n",
       "25  31-01-2018  325093.0   1948.0\n",
       "26  30-04-2018  321966.0   2440.0\n",
       "27  31-07-2018  322066.0   2655.0\n",
       "28  31-10-2018  335322.0   2816.0\n",
       "29  31-01-2019  334728.0   2951.0\n",
       "30  30-04-2019  331858.0   3136.0\n",
       "31  31-07-2019  329621.0   3374.0\n",
       "32  31-10-2019  328891.0   3735.0\n",
       "33  31-01-2020  337029.0   4351.0\n",
       "34  30-04-2020  330305.0   4611.0\n",
       "35  31-07-2020  330531.0   5922.0\n",
       "36  31-10-2020  328891.0   8650.0\n",
       "37  31-01-2021  328239.0  12292.0\n",
       "38  30-04-2021  329019.0  15689.0\n",
       "39  31-07-2021  327192.0  18835.0"
      ]
     },
     "execution_count": 18,
     "metadata": {},
     "output_type": "execute_result"
    }
   ],
   "source": [
    "df"
   ]
  },
  {
   "cell_type": "code",
   "execution_count": 25,
   "id": "edbae164",
   "metadata": {},
   "outputs": [
    {
     "data": {
      "text/plain": [
       "0      268565\n",
       "1      268412\n",
       "2      268254\n",
       "3      268096\n",
       "4      265633\n",
       "        ...  \n",
       "113    328756\n",
       "114    329019\n",
       "115    328403\n",
       "116    327807\n",
       "117    327192\n",
       "Name: All Cars, Length: 118, dtype: int32"
      ]
     },
     "execution_count": 25,
     "metadata": {},
     "output_type": "execute_result"
    }
   ],
   "source": [
    "df['Type']=pd.to_datetime(df['Type'])\n",
    "df['All Cars']=df['All Cars'].astype(int)\n",
    "df['ULEV']=df['All Cars'].astype(int)"
   ]
  },
  {
   "cell_type": "code",
   "execution_count": 20,
   "id": "c7d11907",
   "metadata": {},
   "outputs": [],
   "source": [
    "df.set_index('Type', inplace=True)"
   ]
  },
  {
   "cell_type": "code",
   "execution_count": 21,
   "id": "dee8dbff",
   "metadata": {},
   "outputs": [
    {
     "data": {
      "text/html": [
       "<div>\n",
       "<style scoped>\n",
       "    .dataframe tbody tr th:only-of-type {\n",
       "        vertical-align: middle;\n",
       "    }\n",
       "\n",
       "    .dataframe tbody tr th {\n",
       "        vertical-align: top;\n",
       "    }\n",
       "\n",
       "    .dataframe thead th {\n",
       "        text-align: right;\n",
       "    }\n",
       "</style>\n",
       "<table border=\"1\" class=\"dataframe\">\n",
       "  <thead>\n",
       "    <tr style=\"text-align: right;\">\n",
       "      <th></th>\n",
       "      <th>All Cars</th>\n",
       "      <th>ULEV</th>\n",
       "    </tr>\n",
       "    <tr>\n",
       "      <th>Type</th>\n",
       "      <th></th>\n",
       "      <th></th>\n",
       "    </tr>\n",
       "  </thead>\n",
       "  <tbody>\n",
       "    <tr>\n",
       "      <th>2011-10-31</th>\n",
       "      <td>268565.0</td>\n",
       "      <td>19.0</td>\n",
       "    </tr>\n",
       "    <tr>\n",
       "      <th>2012-01-31</th>\n",
       "      <td>268096.0</td>\n",
       "      <td>22.0</td>\n",
       "    </tr>\n",
       "    <tr>\n",
       "      <th>2012-04-30</th>\n",
       "      <td>260453.0</td>\n",
       "      <td>26.0</td>\n",
       "    </tr>\n",
       "    <tr>\n",
       "      <th>2012-07-31</th>\n",
       "      <td>258337.0</td>\n",
       "      <td>45.0</td>\n",
       "    </tr>\n",
       "    <tr>\n",
       "      <th>2012-10-31</th>\n",
       "      <td>280641.0</td>\n",
       "      <td>58.0</td>\n",
       "    </tr>\n",
       "    <tr>\n",
       "      <th>2013-01-31</th>\n",
       "      <td>280262.0</td>\n",
       "      <td>67.0</td>\n",
       "    </tr>\n",
       "    <tr>\n",
       "      <th>2013-04-30</th>\n",
       "      <td>277600.0</td>\n",
       "      <td>83.0</td>\n",
       "    </tr>\n",
       "    <tr>\n",
       "      <th>2013-07-31</th>\n",
       "      <td>273107.0</td>\n",
       "      <td>99.0</td>\n",
       "    </tr>\n",
       "    <tr>\n",
       "      <th>2013-10-31</th>\n",
       "      <td>294175.0</td>\n",
       "      <td>108.0</td>\n",
       "    </tr>\n",
       "    <tr>\n",
       "      <th>2014-01-31</th>\n",
       "      <td>292606.0</td>\n",
       "      <td>146.0</td>\n",
       "    </tr>\n",
       "    <tr>\n",
       "      <th>2014-04-30</th>\n",
       "      <td>289103.0</td>\n",
       "      <td>164.0</td>\n",
       "    </tr>\n",
       "    <tr>\n",
       "      <th>2014-07-31</th>\n",
       "      <td>284973.0</td>\n",
       "      <td>192.0</td>\n",
       "    </tr>\n",
       "    <tr>\n",
       "      <th>2014-10-31</th>\n",
       "      <td>306439.0</td>\n",
       "      <td>255.0</td>\n",
       "    </tr>\n",
       "    <tr>\n",
       "      <th>2015-01-31</th>\n",
       "      <td>306444.0</td>\n",
       "      <td>315.0</td>\n",
       "    </tr>\n",
       "    <tr>\n",
       "      <th>2015-04-30</th>\n",
       "      <td>303571.0</td>\n",
       "      <td>344.0</td>\n",
       "    </tr>\n",
       "    <tr>\n",
       "      <th>2015-07-31</th>\n",
       "      <td>300204.0</td>\n",
       "      <td>405.0</td>\n",
       "    </tr>\n",
       "    <tr>\n",
       "      <th>2015-10-31</th>\n",
       "      <td>316746.0</td>\n",
       "      <td>446.0</td>\n",
       "    </tr>\n",
       "    <tr>\n",
       "      <th>2016-01-31</th>\n",
       "      <td>313999.0</td>\n",
       "      <td>559.0</td>\n",
       "    </tr>\n",
       "    <tr>\n",
       "      <th>2016-04-30</th>\n",
       "      <td>312302.0</td>\n",
       "      <td>659.0</td>\n",
       "    </tr>\n",
       "    <tr>\n",
       "      <th>2016-07-31</th>\n",
       "      <td>312706.0</td>\n",
       "      <td>771.0</td>\n",
       "    </tr>\n",
       "    <tr>\n",
       "      <th>2016-10-31</th>\n",
       "      <td>320241.0</td>\n",
       "      <td>884.0</td>\n",
       "    </tr>\n",
       "    <tr>\n",
       "      <th>2017-01-31</th>\n",
       "      <td>321527.0</td>\n",
       "      <td>1031.0</td>\n",
       "    </tr>\n",
       "    <tr>\n",
       "      <th>2017-04-30</th>\n",
       "      <td>321381.0</td>\n",
       "      <td>1148.0</td>\n",
       "    </tr>\n",
       "    <tr>\n",
       "      <th>2017-07-31</th>\n",
       "      <td>322630.0</td>\n",
       "      <td>1382.0</td>\n",
       "    </tr>\n",
       "    <tr>\n",
       "      <th>2017-10-31</th>\n",
       "      <td>325910.0</td>\n",
       "      <td>1601.0</td>\n",
       "    </tr>\n",
       "    <tr>\n",
       "      <th>2018-01-31</th>\n",
       "      <td>325093.0</td>\n",
       "      <td>1948.0</td>\n",
       "    </tr>\n",
       "    <tr>\n",
       "      <th>2018-04-30</th>\n",
       "      <td>321966.0</td>\n",
       "      <td>2440.0</td>\n",
       "    </tr>\n",
       "    <tr>\n",
       "      <th>2018-07-31</th>\n",
       "      <td>322066.0</td>\n",
       "      <td>2655.0</td>\n",
       "    </tr>\n",
       "    <tr>\n",
       "      <th>2018-10-31</th>\n",
       "      <td>335322.0</td>\n",
       "      <td>2816.0</td>\n",
       "    </tr>\n",
       "    <tr>\n",
       "      <th>2019-01-31</th>\n",
       "      <td>334728.0</td>\n",
       "      <td>2951.0</td>\n",
       "    </tr>\n",
       "    <tr>\n",
       "      <th>2019-04-30</th>\n",
       "      <td>331858.0</td>\n",
       "      <td>3136.0</td>\n",
       "    </tr>\n",
       "    <tr>\n",
       "      <th>2019-07-31</th>\n",
       "      <td>329621.0</td>\n",
       "      <td>3374.0</td>\n",
       "    </tr>\n",
       "    <tr>\n",
       "      <th>2019-10-31</th>\n",
       "      <td>328891.0</td>\n",
       "      <td>3735.0</td>\n",
       "    </tr>\n",
       "    <tr>\n",
       "      <th>2020-01-31</th>\n",
       "      <td>337029.0</td>\n",
       "      <td>4351.0</td>\n",
       "    </tr>\n",
       "    <tr>\n",
       "      <th>2020-04-30</th>\n",
       "      <td>330305.0</td>\n",
       "      <td>4611.0</td>\n",
       "    </tr>\n",
       "    <tr>\n",
       "      <th>2020-07-31</th>\n",
       "      <td>330531.0</td>\n",
       "      <td>5922.0</td>\n",
       "    </tr>\n",
       "    <tr>\n",
       "      <th>2020-10-31</th>\n",
       "      <td>328891.0</td>\n",
       "      <td>8650.0</td>\n",
       "    </tr>\n",
       "    <tr>\n",
       "      <th>2021-01-31</th>\n",
       "      <td>328239.0</td>\n",
       "      <td>12292.0</td>\n",
       "    </tr>\n",
       "    <tr>\n",
       "      <th>2021-04-30</th>\n",
       "      <td>329019.0</td>\n",
       "      <td>15689.0</td>\n",
       "    </tr>\n",
       "    <tr>\n",
       "      <th>2021-07-31</th>\n",
       "      <td>327192.0</td>\n",
       "      <td>18835.0</td>\n",
       "    </tr>\n",
       "  </tbody>\n",
       "</table>\n",
       "</div>"
      ],
      "text/plain": [
       "            All Cars     ULEV\n",
       "Type                         \n",
       "2011-10-31  268565.0     19.0\n",
       "2012-01-31  268096.0     22.0\n",
       "2012-04-30  260453.0     26.0\n",
       "2012-07-31  258337.0     45.0\n",
       "2012-10-31  280641.0     58.0\n",
       "2013-01-31  280262.0     67.0\n",
       "2013-04-30  277600.0     83.0\n",
       "2013-07-31  273107.0     99.0\n",
       "2013-10-31  294175.0    108.0\n",
       "2014-01-31  292606.0    146.0\n",
       "2014-04-30  289103.0    164.0\n",
       "2014-07-31  284973.0    192.0\n",
       "2014-10-31  306439.0    255.0\n",
       "2015-01-31  306444.0    315.0\n",
       "2015-04-30  303571.0    344.0\n",
       "2015-07-31  300204.0    405.0\n",
       "2015-10-31  316746.0    446.0\n",
       "2016-01-31  313999.0    559.0\n",
       "2016-04-30  312302.0    659.0\n",
       "2016-07-31  312706.0    771.0\n",
       "2016-10-31  320241.0    884.0\n",
       "2017-01-31  321527.0   1031.0\n",
       "2017-04-30  321381.0   1148.0\n",
       "2017-07-31  322630.0   1382.0\n",
       "2017-10-31  325910.0   1601.0\n",
       "2018-01-31  325093.0   1948.0\n",
       "2018-04-30  321966.0   2440.0\n",
       "2018-07-31  322066.0   2655.0\n",
       "2018-10-31  335322.0   2816.0\n",
       "2019-01-31  334728.0   2951.0\n",
       "2019-04-30  331858.0   3136.0\n",
       "2019-07-31  329621.0   3374.0\n",
       "2019-10-31  328891.0   3735.0\n",
       "2020-01-31  337029.0   4351.0\n",
       "2020-04-30  330305.0   4611.0\n",
       "2020-07-31  330531.0   5922.0\n",
       "2020-10-31  328891.0   8650.0\n",
       "2021-01-31  328239.0  12292.0\n",
       "2021-04-30  329019.0  15689.0\n",
       "2021-07-31  327192.0  18835.0"
      ]
     },
     "execution_count": 21,
     "metadata": {},
     "output_type": "execute_result"
    }
   ],
   "source": [
    "df"
   ]
  },
  {
   "cell_type": "code",
   "execution_count": 22,
   "id": "0d6061db",
   "metadata": {},
   "outputs": [],
   "source": [
    "df=df.resample('1M').agg('max')"
   ]
  },
  {
   "cell_type": "code",
   "execution_count": 23,
   "id": "5ad1c701",
   "metadata": {},
   "outputs": [],
   "source": [
    "df=df.interpolate(method='time').reset_index()"
   ]
  },
  {
   "cell_type": "code",
   "execution_count": 24,
   "id": "a5f9aab9",
   "metadata": {},
   "outputs": [
    {
     "data": {
      "text/html": [
       "<div>\n",
       "<style scoped>\n",
       "    .dataframe tbody tr th:only-of-type {\n",
       "        vertical-align: middle;\n",
       "    }\n",
       "\n",
       "    .dataframe tbody tr th {\n",
       "        vertical-align: top;\n",
       "    }\n",
       "\n",
       "    .dataframe thead th {\n",
       "        text-align: right;\n",
       "    }\n",
       "</style>\n",
       "<table border=\"1\" class=\"dataframe\">\n",
       "  <thead>\n",
       "    <tr style=\"text-align: right;\">\n",
       "      <th></th>\n",
       "      <th>Date</th>\n",
       "      <th>All Cars</th>\n",
       "      <th>ULEV</th>\n",
       "    </tr>\n",
       "  </thead>\n",
       "  <tbody>\n",
       "    <tr>\n",
       "      <th>0</th>\n",
       "      <td>2011-10-31</td>\n",
       "      <td>268565.000000</td>\n",
       "      <td>19.000000</td>\n",
       "    </tr>\n",
       "    <tr>\n",
       "      <th>1</th>\n",
       "      <td>2011-11-30</td>\n",
       "      <td>268412.065217</td>\n",
       "      <td>19.978261</td>\n",
       "    </tr>\n",
       "    <tr>\n",
       "      <th>2</th>\n",
       "      <td>2011-12-31</td>\n",
       "      <td>268254.032609</td>\n",
       "      <td>20.989130</td>\n",
       "    </tr>\n",
       "    <tr>\n",
       "      <th>3</th>\n",
       "      <td>2012-01-31</td>\n",
       "      <td>268096.000000</td>\n",
       "      <td>22.000000</td>\n",
       "    </tr>\n",
       "    <tr>\n",
       "      <th>4</th>\n",
       "      <td>2012-02-29</td>\n",
       "      <td>265633.255556</td>\n",
       "      <td>23.288889</td>\n",
       "    </tr>\n",
       "    <tr>\n",
       "      <th>...</th>\n",
       "      <td>...</td>\n",
       "      <td>...</td>\n",
       "      <td>...</td>\n",
       "    </tr>\n",
       "    <tr>\n",
       "      <th>113</th>\n",
       "      <td>2021-03-31</td>\n",
       "      <td>328756.078652</td>\n",
       "      <td>14543.943820</td>\n",
       "    </tr>\n",
       "    <tr>\n",
       "      <th>114</th>\n",
       "      <td>2021-04-30</td>\n",
       "      <td>329019.000000</td>\n",
       "      <td>15689.000000</td>\n",
       "    </tr>\n",
       "    <tr>\n",
       "      <th>115</th>\n",
       "      <td>2021-05-31</td>\n",
       "      <td>328403.380435</td>\n",
       "      <td>16749.065217</td>\n",
       "    </tr>\n",
       "    <tr>\n",
       "      <th>116</th>\n",
       "      <td>2021-06-30</td>\n",
       "      <td>327807.619565</td>\n",
       "      <td>17774.934783</td>\n",
       "    </tr>\n",
       "    <tr>\n",
       "      <th>117</th>\n",
       "      <td>2021-07-31</td>\n",
       "      <td>327192.000000</td>\n",
       "      <td>18835.000000</td>\n",
       "    </tr>\n",
       "  </tbody>\n",
       "</table>\n",
       "<p>118 rows × 3 columns</p>\n",
       "</div>"
      ],
      "text/plain": [
       "          Date       All Cars          ULEV\n",
       "0   2011-10-31  268565.000000     19.000000\n",
       "1   2011-11-30  268412.065217     19.978261\n",
       "2   2011-12-31  268254.032609     20.989130\n",
       "3   2012-01-31  268096.000000     22.000000\n",
       "4   2012-02-29  265633.255556     23.288889\n",
       "..         ...            ...           ...\n",
       "113 2021-03-31  328756.078652  14543.943820\n",
       "114 2021-04-30  329019.000000  15689.000000\n",
       "115 2021-05-31  328403.380435  16749.065217\n",
       "116 2021-06-30  327807.619565  17774.934783\n",
       "117 2021-07-31  327192.000000  18835.000000\n",
       "\n",
       "[118 rows x 3 columns]"
      ]
     },
     "execution_count": 24,
     "metadata": {},
     "output_type": "execute_result"
    }
   ],
   "source": [
    "df.rename(columns={'Type':'Date'})"
   ]
  },
  {
   "cell_type": "code",
   "execution_count": 201,
   "id": "5f5d66ad",
   "metadata": {},
   "outputs": [],
   "source": [
    "df.to_csv(\"Interpolated_IncomeandPopulation.csv\")"
   ]
  }
 ],
 "metadata": {
  "kernelspec": {
   "display_name": "Python 3 (ipykernel)",
   "language": "python",
   "name": "python3"
  },
  "language_info": {
   "codemirror_mode": {
    "name": "ipython",
    "version": 3
   },
   "file_extension": ".py",
   "mimetype": "text/x-python",
   "name": "python",
   "nbconvert_exporter": "python",
   "pygments_lexer": "ipython3",
   "version": "3.9.7"
  }
 },
 "nbformat": 4,
 "nbformat_minor": 5
}
